40179 Bet Dagan Observations at 12Z 22 Apr 2017

-----------------------------------------------------------------------------
   PRES   HGHT   TEMP   DWPT   RELH   MIXR   DRCT   SKNT   THTA   THTE   THTV
    hPa     m      C      C      %    g/kg    deg   knot     K      K      K 
-----------------------------------------------------------------------------
 1003.0     35   36.4    1.4     11   4.24    300      8  309.3  322.8  310.1
 1000.0     56   34.8    0.8     12   4.07    310      6  307.9  320.9  308.7
  996.0     92   33.6   -0.4     11   3.75    312      7  307.1  319.0  307.8
  980.0    238   32.5   -0.7     12   3.72    320     10  307.4  319.3  308.1
  976.0    275   32.2   -0.8     12   3.71    326      9  307.5  319.3  308.2
  970.0    330   32.8   -2.2     10   3.37    336      8  308.6  319.5  309.2
  925.0    755   29.8   -3.2     12   3.28     50      1  309.8  320.4  310.4
  919.0    812   29.3   -3.4     12   3.26     85      1  309.8  320.4  310.4
  850.0   1497   22.8   -5.2     15   3.07    155      7  310.0  320.0  310.6
  797.0   2051   17.6   -4.8     21   3.37    180     10  310.2  321.1  310.9
  793.0   2095   17.2   -4.8     22   3.39    183     10  310.2  321.2  310.9
  765.0   2397   14.8   -4.0     27   3.74    205     12  310.9  323.0  311.6
  721.0   2895   10.9   -2.7     38   4.38    215     23  311.9  326.0  312.8
  700.0   3144    9.0   -2.0     46   4.74    210     23  312.4  327.6  313.3
  589.0   4538   -4.3   -5.8     89   4.23    206     35  312.8  326.4  313.6
  579.0   4672   -5.1   -9.7     70   3.18    205     36  313.3  323.8  313.9
  577.0   4700   -4.7  -18.7     33   1.52    205     37  314.1  319.4  314.4
  574.0   4741   -4.3  -31.3     10   0.49    205     37  315.1  316.9  315.1
  573.0   4754   -4.4  -31.4     10   0.49    205     37  315.1  316.9  315.2
  555.0   5003   -6.1  -33.9      9   0.40    200     36  315.9  317.4  316.0
  522.0   5480   -9.5  -38.5      7   0.26    213     31  317.5  318.5  317.5
  516.0   5568  -10.1  -37.1      9   0.31    215     30  317.8  319.0  317.9
  504.0   5749  -11.3  -34.3     13   0.42    215     31  318.5  320.0  318.6
  500.0   5810  -11.7  -33.7     14   0.45    215     31  318.7  320.4  318.8
  490.0   5963  -12.9  -35.2     14   0.39    225     31  319.0  320.5  319.1
  431.0   6932  -20.9  -44.9     10   0.16    222     39  320.8  321.5  320.9
  400.0   7480  -25.7  -37.7     32   0.37    220     43  321.5  322.9  321.6
  390.0   7659  -27.2  -38.3     34   0.36    215     43  321.8  323.2  321.9
  338.0   8671  -36.0  -41.8     55   0.29    240     47  323.3  324.4  323.3
  331.0   8818  -37.3  -42.3     60   0.28    239     49  323.5  324.6  323.5
  327.0   8902  -37.7  -48.7     31   0.14    239     50  324.0  324.6  324.1
  319.0   9072  -39.1  -46.1     47   0.19    238     51  324.4  325.2  324.4
  300.0   9490  -42.1  -55.1     23   0.07    235     56  325.9  326.2  325.9
  288.0   9765  -43.3  -59.3     15   0.04    237     58  328.0  328.2  328.0
  261.0  10419  -49.1  -58.1     34   0.06    243     62  328.9  329.1  328.9
  258.0  10494  -49.5  -66.5     12   0.02    243     63  329.4  329.4  329.4
  253.0  10622  -50.3  -59.3     34   0.05    244     63  330.0  330.2  330.0
  250.0  10700  -50.7  -62.7     23   0.03    245     64  330.6  330.7  330.6
  248.0  10752  -50.9  -63.9     20   0.03    245     64  331.0  331.1  331.0
  240.0  10964  -52.7  -59.7     42   0.05    245     65  331.4  331.6  331.4
  236.0  11073  -53.3  -63.3     29   0.03    245     66  332.1  332.3  332.1
  227.0  11321  -55.1  -63.3     35   0.03    245     67  333.1  333.3  333.1
  221.0  11492  -56.3  -63.3     41   0.03    245     66  333.8  333.9  333.8
  201.0  12089  -59.5  -68.5     30   0.02    245     61  337.9  338.0  337.9
  200.0  12120  -59.5  -69.5     26   0.02    250     60  338.4  338.5  338.4
  199.0  12152  -59.3  -70.0     24   0.02    250     60  339.1  339.2  339.1
  177.0  12890  -55.7  -81.7      3   0.00    252     73  356.6  356.6  356.6
  150.0  13940  -57.1  -85.1      2   0.00    255     92  371.5  371.5  371.5
  144.0  14192  -58.1  -85.6      2   0.00    255     97  374.2  374.2  374.2
  128.0  14918  -60.9  -86.9      2   0.00    265     91  382.0  382.0  382.0
  112.0  15741  -64.0  -88.4      2   0.00    250     53  390.9  390.9  390.9
  100.0  16440  -66.7  -89.7      3   0.00    245     72  398.6  398.6  398.6
   93.0  16875  -68.1  -90.0      3   0.00    265     57  404.2  404.2  404.2
   88.0  17206  -69.1  -90.2      3   0.00    245     40  408.6  408.6  408.6
   83.0  17557  -70.2  -90.4      4   0.00    225     42  413.2  413.2  413.2
   81.8  17644  -70.5  -90.5      4   0.00    230     44  414.4  414.4  414.4
   79.0  17852  -68.9  -91.5      3   0.00    245     38  421.8  421.8  421.8
   78.6  17882  -68.7  -91.7      2   0.00    245     39  422.8  422.9  422.8
   73.0  18322  -71.5  -91.7      4   0.00    245     51  426.0  426.0  426.0
   72.6  18354  -71.7  -91.7      4   0.00    246     49  426.2  426.2  426.2
   70.0  18570  -71.1  -92.1      3   0.00    250     34  431.9  432.0  431.9
   68.0  18744  -70.5  -92.0      3   0.00    245     23  436.9  436.9  436.9
   66.0  18922  -69.8  -92.0      3   0.00    250     22  442.1  442.1  442.1
   63.0  19201  -68.7  -91.9      2   0.00    215     23  450.4  450.4  450.4
   62.0  19297  -68.4  -91.9      2   0.00    225     25  453.2  453.2  453.2
   60.0  19493  -67.7  -91.8      2   0.00    245     21  459.1  459.1  459.1
   57.0  19800  -66.5  -91.8      2   0.00    305     12  468.5  468.5  468.5
   56.0  19906  -66.1  -91.7      2   0.00    230      1  471.8  471.8  471.8
   55.0  20014  -65.7  -91.7      2   0.00    200      5  475.1  475.1  475.1
   54.0  20125  -66.0  -91.8      2   0.00    170     10  476.8  476.8  476.8
   52.0  20353  -66.8  -92.1      2   0.00    205     10  480.3  480.3  480.3
   51.0  20471  -67.2  -92.2      2   0.00    190     15  482.1  482.1  482.1
   50.6  20518  -67.3  -92.3      2   0.00    190     16  482.8  482.8  482.8
   50.0  20590  -67.1  -92.1      2   0.00    190     17  484.9  485.0  484.9
   49.0  20714  -66.2  -91.9      2   0.00    215     15  490.0  490.0  490.0
   48.0  20840  -65.2  -91.8      1   0.00    195     16  495.2  495.2  495.2
   47.0  20969  -64.2  -91.6      1   0.00    210     19  500.6  500.6  500.6
   45.0  21236  -62.1  -91.3      1   0.00    240     10  511.8  511.8  511.8
   44.0  21374  -61.1  -91.1      1   0.00    262      6  517.6  517.6  517.6
   43.0  21517  -60.9  -91.0      1   0.00    285      2  521.5  521.5  521.5
   41.0  21815  -60.5  -90.8      1   0.00    195     10  529.7  529.7  529.7
   40.0  21970  -60.3  -90.7      1   0.00    175     10  534.0  534.0  534.0
   38.0  22290  -59.9  -90.4      1   0.00     90     10  543.0  543.0  543.0
   34.0  22985  -58.9  -89.9      1   0.00     87     10  563.0  563.0  563.0
   31.0  23572  -55.6  -88.1      1   0.01     85     10  586.8  586.9  586.8
   30.0  23780  -54.5  -87.5      1   0.01     85      5  595.5  595.5  595.5
   29.0  24001  -53.7  -87.2      1   0.01    115     13  603.5  603.5  603.5
   28.0  24230  -52.9  -86.9      1   0.01    155     11  611.9  611.9  611.9
   25.0  24968  -50.2  -86.0      1   0.01     90     10  639.7  639.8  639.7
   24.0  25234  -49.2  -85.6      1   0.01     85     11  650.0  650.2  650.0
   23.0  25511  -48.2  -85.2      1   0.01    130     14  661.0  661.1  661.0
   22.0  25801  -47.1  -84.9      1   0.01    160     10  672.6  672.7  672.6
   21.6  25921  -46.7  -84.7      1   0.01    158     10  677.4  677.5  677.4
   21.0  26107  -47.0  -84.6      1   0.01    155     11  682.0  682.1  682.0
   20.0  26430  -47.5  -84.5      1   0.02     90      3  690.0  690.2  690.0
   19.0  26767  -48.1  -84.9      1   0.02    300     10  698.2  698.4  698.2
   18.0  27122  -48.8  -85.3      1   0.02    320     10  706.9  707.1  706.9
   17.0  27497  -49.5  -85.8      1   0.01    270      1  716.3  716.4  716.3
   16.0  27895  -50.3  -86.3      1   0.01    268      5  726.3  726.5  726.3
   15.0  28319  -49.0  -85.9      1   0.02    265     10  744.0  744.2  744.0
   14.0  28772  -47.7  -85.4      1   0.02    300     15  763.3  763.5  763.3
   13.7  28914  -47.3  -85.3      1   0.02                769.5  769.7  769.5

Station information and sounding indices

                             Station number: 40179
                           Observation time: 170422/1200
                           Station latitude: 32.00
                          Station longitude: 34.81
                          Station elevation: 35.0
                            Showalter index: 4.77
                               Lifted index: 5.00
    LIFT computed using virtual temperature: 4.74
                                SWEAT index: 44.99
                                    K index: 18.30
                         Cross totals index: 6.50
                      Vertical totals index: 34.50
                        Totals totals index: 41.00
      Convective Available Potential Energy: 0.00
             CAPE using virtual temperature: 0.00
                      Convective Inhibition: 0.00
             CINS using virtual temperature: 0.00
                     Bulk Richardson Number: 0.00
          Bulk Richardson Number using CAPV: 0.00
  Temp [K] of the Lifted Condensation Level: 265.21
Pres [hPa] of the Lifted Condensation Level: 591.76
     Mean mixed layer potential temperature: 308.11
              Mean mixed layer mixing ratio: 3.59
              1000 hPa to 500 hPa thickness: 5754.00
Precipitable water [mm] for entire sounding: 17.34